0.0000238095
0.0000714286
0.0000430311
0.0000238095
0.0000238095
0.0000238095
0.0000238095
0.0000238095
0.0000238095
0.0000368568
0.0000476190
0.0000283869
0.0000456342
0.0000238095
0.0000238095
0.0000408130
0.0000275781
0.0000476190
0.0000325393
0.0000470174
0.0000378923
0.0000401792
0.0000284100
0.0000333786
0.0000317146
0.0000392297
0.0000392970
0.0000389756
0.0000238095
0.0000238095
0.0000238095
0.0000238095
0.0000238095
0.0000238095
0.0000238095
0.0000238095
0.0000238095
0.0000238095
0.0000238095
0.0000238095
0.0000238095
0.0000238095
0.0000238095
0.0000238095
0.0000238095
0.0000238095
0.0000238095
0.0000238095
0.0000238095
0.0000238095
0.0000238095
0.0000238095
0.0000238095
0.0000238095
0.0000238095
0.0000476190
0.0000448877
0.0000238095
0.0000238095
0.0000238095
0.0000238095
0.0000238095
0.0000238095
0.0000238095
0.0000238095
0.0000238095
0.0000238095
0.0000238095
0.0000238095
0.0000238095
0.0000238095
0.0000238095
0.0000238095
0.0000238095
0.0000238095
0.0000238095
0.0000238095
0.0000238095
0.0000238095
0.0000238095
0.0000238095
0.0000238095
0.0000238095
0.0000238095
0.0000238095
0.0000238095
0.0000238095
0.0000238095
0.0000238095
0.0000238095
0.0000238095
0.0000238095
0.0000238095
0.0000238095
0.0000238095
0.0000238095
0.0000238095
0.0000238095
0.0000238095
0.0000238095
0.0000238095
0.0000238095
0.0000238095
0.0000238095
0.0000238095
0.0000238095
0.0000238095
0.0000238095
0.0000238095
0.0000238095
0.0000238095
0.0000238095
0.0000238095
0.0000238095
0.0000238095
0.0000238095
0.0000238095
0.0000238095
0.0000238095
0.0000238095
0.0000238095
0.0000238095
0.0000238095
0.0000238095
0.0000238095
0.0000238095
0.0000238095
0.0000238095
0.0000238095
0.0000238095
0.0000238095
0.0000238095
0.0000238095
0.0000238095
0.0000238095
0.0000323472
0.0000296965
0.0000444263
0.0000476190
0.0000301015
0.0000386647
0.0000302236
0.0000238095
0.0000238095
0.0000238095
0.0000238095
0.0000238095
0.0000238095
0.0000238095
0.0000238095
0.0000238095
0.0000238095
0.0000238095
0.0000238095
0.0000238095
0.0000238095
0.0000238095
0.0000238095
0.0000238095
0.0000238095
0.0000238095
0.0000238095
0.0000238095
0.0000238095
0.0000238095
0.0000238095
0.0000238095
0.0000238095
0.0000238095
0.0000238095
0.0000238095
0.0000238095
0.0000238095
0.0000238095
0.0000238095
0.0000238095
0.0000238095
0.0000238095
0.0000238095
0.0000238095
0.0000238095
0.0000238095
0.0000238095
0.0000238095
0.0000238095
0.0000238095
0.0000238095
0.0000238095
0.0000238095
0.0000238095
0.0000238095
0.0000238095
0.0000238095
0.0000238095
0.0000238095
0.0000238095
0.0000238095
0.0000238095
0.0000238095
0.0000238095
0.0000238095
0.0000238095
0.0000238095
0.0000238095
0.0000238095
0.0000238095
0.0000238095
0.0000238095
0.0000238095
0.0000238095
0.0000238095
0.0000238095
0.0000238095
0.0000238095
0.0000238095
0.0000238095
0.0000238095
0.0000238095
0.0000238095
0.0000238095
0.0000238095
0.0000238095
0.0000238095
0.0000238095
0.0000238095
0.0000238095
0.0000238095
0.0000238095
0.0000238095
0.0000238095
0.0000238095
0.0000238095
0.0000238095
0.0000238095
0.0000238095
0.0000238095
0.0000238095
0.0000238095
0.0000238095
0.0000238095
0.0000238095
0.0000238095
0.0000238095
0.0000238095
0.0000238095
0.0000238095
0.0000238095
0.0000238095
0.0000238095
0.0000238095
0.0000238095
0.0000238095
0.0000238095
0.0000238095
0.0000238095
0.0000238095
0.0000238095
0.0000238095
0.0000238095
0.0000238095
0.0000238095
0.0000238095
0.0000238095
0.0000238095
0.0000238095
0.0000238095
0.0000238095
0.0000238095
0.0000238095
0.0000238095
0.0000238095
0.0000238095
0.0000238095
0.0000238095
0.0000238095
0.0000238095
0.0000238095
0.0000238095
0.0000238095
0.0000238095
0.0000238095
0.0000238095
0.0000238095
0.0000238095
0.0000238095
0.0000238095
0.0000238095
0.0000238095
0.0000238095
0.0000238095
0.0000238095
0.0000238095
0.0000238095
0.0000238095
0.0000238095
0.0000238095
0.0000238095
0.0000238095
0.0000238095
0.0000238095
0.0000238095
0.0000238095
0.0000238095
0.0000238095
0.0000238095
0.0000238095
0.0000238095
0.0000238095
0.0000238095
0.0000238095
0.0000238095
0.0000238095
0.0000238095
0.0000238095
0.0000238095
0.0000238095
0.0000238095
0.0000238095
0.0000238095
0.0000238095
0.0000238095
0.0000238095
0.0000238095
0.0000238095
0.0000238095
0.0000238095
0.0000238095
0.0000238095
0.0000238095
0.0000238095
0.0000238095
0.0000238095
0.0000238095
0.0000238095
0.0000238095
0.0000238095
0.0000238095
0.0000238095
0.0000238095
0.0000238095
0.0000238095
0.0000238095
0.0000238095
0.0000238095
0.0000238095
0.0000238095
0.0000238095
0.0000238095
0.0000238095
0.0000238095
0.0000238095
0.0000238095
0.0000238095
0.0000238095
0.0000238095
0.0000238095
0.0000238095
0.0000238095
0.0000238095
0.0000238095
0.0000238095
0.0000238095
0.0000238095
0.0000238095
0.0000238095
0.0000238095
0.0000238095
0.0000238095
0.0000238095
0.0000238095
0.0000238095
0.0000238095
0.0000238095
0.0000238095
0.0000238095
0.0000238095
0.0000238095
0.0000238095
0.0000238095
0.0000238095
0.0000238095
0.0000238095
0.0000244609
0.0000476190
0.0000238095
0.0000238095
0.0000238095
0.0000238095
0.0000238095
0.0000238095
0.0000265751
0.0000289090
0.0000473084
0.0000307917
0.0000468821
0.0000365415
0.0000382108
0.0000381404
0.0000395724
0.0000462236
0.0000261189
0.0000427067
0.0000476190
0.0000476190
0.0000238095
0.0000476190
0.0000298034
0.0000313730
0.0000440746
0.0000238095
0.0000238095
0.0000238095
0.0000476190
0.0000488887
0.0000714286
0.0000476190
0.0000476190
0.0000476190
0.0000238095
0.0000714286
0.0000714286
0.0000714286
0.0000238095
0.0001190480
0.0000714286
0.0000952381
0.0001428570
0.0000238095
0.0001190480
0.0001428570
0.0000952381
0.0000714286
0.0000476190
0.0000952381
0.0000952381
0.0001190480
0.0000476190
0.0000238095
0.0000238095
0.0001428570
0.0001428570
0.0001428570
0.0000714286
0.0000714286
0.0000952381
0.0000952381
0.0000952381
0.0001190480
0.0001190480
0.0000952381
0.0001904760
0.0001190480
0.0002142860
0.0003571430
0.0002142860
0.0001904760
0.0003333330
0.0002857140
0.0003809520
0.0002857140
0.0003095240
0.0003095240
0.0001904760
0.0003571430
0.0002142860
0.0004523810
0.0001904760
0.0002619050
0.0004761900
0.0001904760
0.0003333330
0.0003809520
0.0004285710
0.0004047620
0.0003571430
0.0003333330
0.0004285710
0.0003095240
0.0004285710
0.0005238100
0.0004523810
0.0003333330
0.0004761900
0.0003809520
0.0003095240
0.0003095240
0.0003333330
0.0005714290
0.0003571430
0.0003571430
0.0005714290
0.0005238100
0.0005952380
0.0005476190
0.0004761900
0.0005238100
0.0006428570
0.0006904760
0.0006904760
0.0005476190
0.0006904760
0.0009285710
0.0007619050
0.0007142860
0.0006904760
0.0006666670
0.0007142860
0.0012380950
0.0008095240
0.0008095240
0.0007380950
0.0007857140
0.0007142860
0.0009047620
0.0008809520
0.0010476190
0.0009047620
0.0008571430
0.0007619050
0.0007380950
0.0008095240
0.0007142860
0.0011428570
0.0011428570
0.0009285710
0.0010476190
0.0010476190
0.0009523810
0.0010476190
0.0010000000
0.0010714290
0.0007857140
0.0013095240
0.0010714290
0.0013333330
0.0011666670
0.0010000000
0.0012142860
0.0013095240
0.0011190480
0.0011904760
0.0016666670
0.0012619050
0.0012857140
0.0011428570
0.0011904760
0.0013571430
0.0013571430
0.0016190480
0.0014047620
0.0013333330
0.0014285710
0.0013095240
0.0013333330
0.0013095240
0.0015000000
0.0015238100
0.0019047620
0.0014047620
0.0011428570
0.0014761900
0.0015714290
0.0015000000
0.0013095240
0.0017380950
0.0012380950
0.0015476190
0.0013809520
0.0015000000
0.0012380950
0.0013333330
0.0015952380
0.0012857140
0.0012619050
0.0015238100
0.0013095240
0.0015714290
0.0015952380
0.0014523810
0.0012619050
0.0018571430
0.0015000000
0.0012142860
0.0012619050
0.0015238100
0.0013333330
0.0019047620
0.0014523810
0.0013333330
0.0013333330
0.0016666670
0.0015476190
0.0013095240
0.0016190480
0.0016666670
0.0019285710
0.0015476190
0.0016428570
0.0016666670
0.0018809520
0.0014047620
0.0016190480
0.0015000000
0.0014523810
0.0013571430
0.0014761900
0.0013809520
0.0016428570
0.0014047620
0.0012857140
0.0018571430
0.0013095240
0.0014761900
0.0016428570
0.0014047620
0.0013333330
0.0016428570
0.0015000000
0.0018333330
0.0013809520
0.0013809520
0.0017619050
0.0015714290
0.0016190480
0.0016428570
0.0012380950
0.0015714290
0.0018571430
0.0018095240
0.0017380950
0.0015000000
0.0014047620
0.0017619050
0.0015000000
0.0016666670
0.0019047620
0.0013095240
0.0015000000
0.0021666670
0.0010238100
0.0017142860
0.0014761900
0.0018809520
0.0015714290
0.0017380950
0.0016190480
0.0023095240
0.0019523810
0.0016428570
0.0014523810
0.0014761900
0.0014285710
0.0017857140
0.0014523810
0.0015000000
0.0013333330
0.0015476190
0.0015714290
0.0015000000
0.0017857140
0.0012619050
0.0014047620
0.0015238100
0.0012380950
0.0015000000
0.0015238100
0.0013571430
0.0014523810
0.0017857140
0.0013333330
0.0014047620
0.0016428570
0.0018333330
0.0015476190
0.0017142860
0.0017857140
0.0013571430
0.0014761900
0.0014285710
0.0015238100
0.0019285710
0.0016904760
0.0016666670
0.0013571430
0.0015714290
0.0018095240
0.0014761900
0.0014761900
0.0014523810
0.0013809520
0.0013571430
0.0014523810
0.0016428570
0.0013571430
0.0018333330
0.0021428570
0.0018095240
0.0018095240
0.0015238100
0.0013571430
0.0014761900
0.0014285710
0.0012380950
0.0015714290
0.0016428570
0.0015952380
0.0015476190
0.0015952380
0.0015238100
0.0018571430
0.0015476190
0.0014285710
0.0016904760
0.0014047620
0.0015476190
0.0016190480
0.0013809520
0.0018809520
0.0012857140
0.0015952380
0.0017142860
0.0017619050
0.0017380950
0.0014285710
0.0012619050
0.0018095240
0.0016428570
0.0018333330
0.0015000000
0.0015238100
0.0014285710
0.0015476190
0.0017142860
0.0013095240
0.0017380950
0.0017619050
0.0015952380
0.0016904760
0.0022142860
0.0018809520
0.0016666670
0.0018333330
0.0016666670
0.0018333330
0.0016666670
0.0017857140
0.0015238100
0.0013571430
0.0017142860
0.0013809520
0.0018095240
0.0013809520
0.0018571430
0.0015000000
0.0017380950
0.0017380950
0.0016666670
0.0018095240
0.0018333330
0.0017380950
0.0014285710
0.0020476190
0.0017857140
0.0013809520
0.0019047620
0.0018095240
0.0015952380
0.0015952380
0.0018809520
0.0013333330
0.0014761900
0.0010952380
0.0012380950
0.0015000000
0.0018809520
0.0013095240
0.0018095240
0.0018809520
0.0017857140
0.0016904760
0.0017380950
0.0016428570
0.0016904760
0.0013333330
0.0016190480
0.0015952380
0.0015000000
0.0014285710
0.0016904760
0.0015476190
0.0011666670
0.0014761900
0.0013809520
0.0015238100
0.0016428570
0.0014523810
0.0013809520
0.0014523810
0.0017142860
0.0018809520
0.0014285710
0.0016428570
0.0015714290
0.0014047620
0.0015476190
0.0015714290
0.0015952380
0.0013333330
0.0015238100
0.0015238100
0.0016190480
0.0016428570
0.0011428570
0.0015952380
0.0010952380
0.0015714290
0.0012142860
0.0011190480
0.0015238100
0.0015000000
0.0013809520
0.0015476190
0.0015476190
0.0012619050
0.0015714290
0.0015238100
0.0014047620
0.0012380950
0.0012619050
0.0015952380
0.0013571430
0.0011904760
0.0015952380
0.0015238100
0.0011666670
0.0016666670
0.0012380950
0.0014285710
0.0015000000
0.0012380950
0.0014523810
0.0015476190
0.0014285710
0.0013333330
0.0013095240
0.0015952380
0.0018095240
0.0012142860
0.0017142860
0.0018095240
0.0019523810
0.0016904760
0.0017857140
0.0018571430
0.0020476190
0.0015952380
0.0015952380
0.0013571430
0.0013333330
0.0016666670
0.0015238100
0.0015476190
0.0013571430
0.0015952380
0.0015000000
0.0011190480
0.0017619050
0.0016190480
0.0019523810
0.0015238100
0.0018571430
0.0020238100
0.0016190480
0.0016666670
0.0019047620
0.0016190480
0.0016666670
0.0015714290
0.0016666670
0.0019047620
0.0019523810
0.0013571430
0.0020952380
0.0014285710
0.0015238100
0.0015952380
0.0012857140
0.0015238100
0.0015714290
0.0014761900
0.0014523810
0.0014761900
0.0015952380
0.0010952380
0.0015000000
0.0012619050
0.0017142860
0.0014047620
0.0013095240
0.0014761900
0.0016666670
0.0018333330
0.0014285710
0.0014761900
0.0014047620
0.0011904760
0.0014523810
0.0015000000
0.0016428570
0.0017380950
0.0017142860
0.0014761900
0.0013095240
0.0018571430
0.0014761900
0.0012857140
0.0015000000
0.0013571430
0.0014047620
0.0015000000
0.0016666670
0.0015000000
0.0015238100
0.0012380950
0.0015476190
0.0017380950
0.0011666670
0.0015000000
0.0015238100
0.0012857140
0.0013809520
0.0010714290
0.0014285710
0.0013095240
0.0013571430
0.0012619050
0.0010952380
0.0016428570
0.0011190480
0.0013333330
0.0013571430
0.0012857140
0.0010476190
0.0010714290
0.0012619050
0.0009761900
0.0014047620
0.0013333330
0.0008809520
0.0010238100
0.0010238100
0.0011904760
0.0010238100
0.0011190480
0.0013809520
0.0013809520
0.0013095240
0.0011904760
0.0010000000
0.0012857140
0.0010000000
0.0008809520
0.0010952380
0.0007619050
0.0008571430
0.0008571430
0.0012142860
0.0010952380
0.0009047620
0.0006666670
0.0012857140
0.0010238100
0.0009761900
0.0011428570
0.0010000000
0.0009285710
0.0007380950
0.0008809520
0.0009047620
0.0010238100
0.0010000000
0.0006190480
0.0006428570
0.0008095240
0.0009285710
0.0007619050
0.0008095240
0.0008333330
0.0008095240
0.0009047620
0.0008809520
0.0010952380
0.0008809520
0.0010714290
0.0008095240
0.0007857140
0.0006428570
0.0007857140
0.0008809520
0.0007857140
0.0008571430
0.0004761900
0.0007857140
0.0005952380
0.0006666670
0.0006428570
0.0006428570
0.0010952380
0.0009523810
0.0005952380
0.0006904760
0.0007619050
0.0006904760
0.0004761900
0.0007380950
0.0009047620
0.0006190480
0.0008333330
0.0008809520
0.0005476190
0.0007380950
0.0005000000
0.0007142860
0.0006666670
0.0005714290
0.0004523810
0.0007142860
0.0006904760
0.0004761900
0.0006904760
0.0002857140
0.0005714290
0.0006666670
0.0005000000
0.0005714290
0.0004285710
0.0006190480
0.0004285710
0.0003095240
0.0006190480
0.0005714290
0.0002857140
0.0006666670
0.0005952380
0.0003333330
0.0007142860
0.0002857140
0.0003333330
0.0002619050
0.0003809520
0.0003333330
0.0002380950
0.0003333330
0.0002619050
0.0003095240
0.0003333330
0.0004047620
0.0003809520
0.0005238100
0.0001904760
0.0002619050
0.0002619050
0.0002619050
0.0003571430
0.0002619050
0.0002857140
0.0003333330
0.0002857140
0.0004761900
0.0003571430
0.0002857140
0.0002857140
0.0003333330
0.0003809520
0.0004047620
0.0002619050
0.0003333330
0.0002380950
0.0001904760
0.0004523810
0.0003809520
0.0003809520
0.0004523810
0.0003809520
0.0002380950
0.0003095240
0.0002380950
0.0001666670
0.0004047620
0.0003095240
0.0005000000
0.0003095240
0.0003333330
0.0002619050
0.0003571430
0.0003095240
0.0002857140
0.0004285710
0.0003095240
0.0003333330
0.0004761900
0.0002142860
0.0002380950
0.0002857140
0.0003809520
0.0002380950
0.0002857140
0.0003571430
0.0003333330
0.0002857140
0.0002619050
0.0003095240
0.0002619050
0.0002619050
0.0004047620
0.0001428570
0.0002380950
0.0001666670
0.0002857140
0.0002142860
0.0003571430
0.0001904760
0.0000952381
0.0002142860
0.0002619050
0.0002142860
0.0001428570
0.0002619050
0.0002380950
0.0001904760
0.0002142860
0.0002142860
0.0003333330
0.0002380950
0.0001666670
0.0002380950
0.0002380950
0.0000476190
0.0001666670
0.0001904760
0.0002619050
0.0002619050
0.0001428570
0.0001428570
0.0001904760
0.0002142860
0.0001428570
0.0001428570
0.0001428570
0.0001666670
0.0002142860
0.0001190480
0.0001904760
0.0001190480
0.0001666670
0.0001666670
0.0000952381
0.0001666670
0.0000952381
0.0001666670
0.0002142860
0.0001666670
0.0002380950
0.0000952381
0.0001666670
0.0000714286
0.0003571430
0.0002380950
0.0002142860
0.0002857140
0.0003095240
0.0003095240
0.0002142860
0.0001904760
0.0001190480
0.0001666670
0.0001428570
0.0001428570
0.0003095240
0.0002380950
0.0001666670
0.0001190480
0.0003095240
0.0000952381
0.0002380950
0.0003095240
0.0001666670
0.0001190480
0.0002142860
0.0001190480
0.0001904760
0.0001190480
0.0001190480
0.0001190480
0.0001190480
0.0000952381
0.0000952381
0.0001428570
0.0000952381
0.0001428570
0.0000952381
0.0002380950
0.0002142860
0.0000476190
0.0002857140
0.0001428570
0.0002142860
0.0001190480
0.0001904760
0.0001904760
0.0001666670
0.0000952381
0.0000952381
0.0000714286
0.0001666670
0.0000952381
0.0002142860
0.0002619050
0.0000714286
0.0001904760
0.0000238095
0.0001666670
0.0000952381
0.0000714286
0.0001428570
0.0001666670
0.0001428570
0.0001666670
0.0001190480
0.0000476190
0.0000952381
0.0001428570
0.0000714286
0.0000476190
0.0001666670
0.0001190480
0.0001666670
0.0002380950
0.0000952381
0.0001190480
0.0001666670
0.0000952381
0.0000952381
0.0001428570
0.0000476190
0.0000952381
0.0001190480
0.0001190480
0.0001666670
0.0001904760
0.0001190480
0.0000714286
0.0000714286
0.0000714286
0.0001666670
0.0000238095
0.0000714286
0.0001428570
0.0000714286
0.0001904760
0.0001666670
0.0000714286
0.0002619050
0.0000714286
0.0000952381
0.0001190480
0.0000952381
0.0000714286
0.0000476190
0.0000714286
0.0000476190
0.0000238095
0.0000952381
0.0000476190
0.0000238095
0.0000714286
0.0000482992
0.0000476190
0.0000714286
0.0001190480
0.0000476190
0.0000238095
0.0001190480
0.0001025204
0.0000952381
0.0000714286
0.0000952381
0.0000238095
0.0000476190
0.0000714286
0.0000925407
0.0000952381
0.0000952381
0.0000476190
0.0000555468
0.0000714286
0.0001190480
0.0000714286
0.0000476190
0.0001050443
0.0001428570
0.0000476190
0.0000476190
0.0000476190
0.0000308017
0.0000238095
0.0000476190
0.0000238095
0.0001190480
0.0000238095
0.0000238095
0.0000238095
0.0000952381
0.0000476190
0.0000476190
0.0000714286
0.0001428570
0.0005476190
0.0000952381
0.0000476190
0.0000476190
0.0001428570
0.0000476190
0.0000476190
0.0000424326
0.0000238095
0.0000714286
0.0000476190
0.0000238095
0.0000238095
0.0000476190
0.0000476190
0.0000476190
0.0000476190
0.0000476190
0.0000476190
0.0000476190
0.0000238095
0.0000238095
0.0000238095
0.0000238095
0.0000238095
0.0000238095
0.0000476190
0.0000238095
0.0000238095
0.0000238095
0.0000238095
0.0000238095
0.0000238095
0.0000238095
0.0000238095
0.0000476190
0.0000238095
0.0000952381
0.0000238095
0.0000476190
0.0000238095
0.0000238095
0.0000238095
0.0000238095
0.0000476190
0.0000476190
0.0000238095
0.0000427135
0.0000476190
0.0000238095
0.0000238095
0.0000238095
0.0000238095
0.0000410762
0.0000288055
0.0000476190
0.0000331918
0.0000238095
0.0000238095
0.0000238095
0.0000238095
0.0000238095
0.0000238095
0.0000238095
0.0000364880
0.0000415114
0.0000476190
0.0000476190
0.0000476190
0.0000952381
0.0000238095
0.0000238095
0.0000238095
0.0000476190
0.0000238095
0.0000238095
0.0000238095
0.0000238095
0.0000476190
0.0000470737
0.0000238095
0.0000238095
0.0000238095
0.0000238095
0.0000238095
0.0000339233
0.0000368223
0.0000404817
0.0000476190
0.0000439781
0.0000315077
0.0000238095
0.0000346380
0.0000536627
0.0000643183
0.0000467959
0.0000616010
0.0000437393
0.0000630232
0.0000533882
0.0000714286
0.0000645537
0.0000238095
0.0000238095
0.0000238095
0.0000238095
0.0000238095
0.0000238095
0.0000238095
0.0000409665
0.0000355222
0.0000476190
0.0000476190
0.0000238095
0.0000238095
0.0000238095
0.0000238095
0.0000238095
0.0000238095
0.0000238095
0.0000238095
0.0000238095