0.0001041179
0.0001392108
0.0000864757
0.0000565948
0.0000616078
0.0000641813
0.0000655564
0.0000709132
0.0001174221
0.0000917506
0.0000739205
0.0000695316
0.0000589613
0.0000568555
0.0000969544
0.0000937712
0.0000848747
0.0000768821
0.0001551796
0.0000869298
0.0001584880
0.0001305893
0.0001241316
0.0001648377
0.0001574120
0.0001499645
0.0001511342
0.0001345702
0.0001657925
0.0000609003
0.0000435032
0.0001429713
0.0000462748
0.0000305292
0.0000337163
0.0000571375
0.0000945476
0.0000819434
0.0000793278
0.0000506659
0.0000954687
0.0000888135
0.0000941787
0.0000947123
0.0000886243
0.0000872711
0.0000853334
0.0000818220
0.0000807463
0.0000845836
0.0000815660
0.0000934936
0.0000982483
0.0000971381
0.0000990556
0.0000677747
0.0000496302
0.0000169274
0.0001295972
0.0001035447
0.0000552627
0.0000387603
0.0000338079
0.0001174816
0.0000584605
0.0000398656
0.0001137970
0.0001057262
0.0000306436
0.0000464667
0.0000445846
0.0000348502
0.0000451308
0.0000480801
0.0000521990
0.0000402831
0.0000476470
0.0000612081
0.0000564009
0.0000499840
0.0000485618
0.0000445212
0.0000671264
0.0000467697
0.0000713732
0.0000669711
0.0000458705
0.0000707248
0.0000610803
0.0000880258
0.0000896723
0.0000914910
0.0000938771
0.0000967284
0.0000897168
0.0000959168
0.0000949711
0.0000963481
0.0000956742
0.0000970623
0.0000901475
0.0000768019
0.0000754075
0.0000886938
0.0001077169
0.0000755634
0.0000959464
0.0000677149
0.0000656866
0.0000432790
0.0000534397
0.0000472057
0.0000464130
0.0000669922
0.0000666968
0.0000662822
0.0000340537
0.0000360322
0.0000540944
0.0000554879
0.0000424640
0.0000413747
0.0000421822
0.0000611805
0.0000386165
0.0000452236
0.0000593783
0.0000372882
0.0000508816
0.0000340633
0.0000438462
0.0000659849
0.0000628763
0.0000582627
0.0000312984
0.0000655130
0.0000778773
0.0000855946
0.0001197206
0.0001144402
0.0000959053
0.0000681663
0.0000589593
0.0001440414
0.0001440407
0.0001113780
0.0001386699
0.0000847790
0.0000655451
0.0000669806
0.0001170961
0.0000763560
0.0001121111
0.0001290097
0.0001020947
0.0001084450
0.0000746134
0.0000678689
0.0000634925
0.0001072032
0.0000914147
0.0001191857
0.0001045339
0.0000958040
0.0000813945
0.0000692049
0.0001299665
0.0001305480
0.0000822767
0.0001336849
0.0000817959
0.0000801635
0.0000749218
0.0000617345
0.0001351699
0.0000752264
0.0001141165
0.0001279422
0.0001022991
0.0000726358
0.0000767603
0.0000636366
0.0001418155
0.0001216419
0.0001052440
0.0000610017
0.0001149513
0.0000628004
0.0000950278
0.0000749449
0.0001100227
0.0000941464
0.0000814909
0.0001299959
0.0001181565
0.0000752765
0.0000952013
0.0001439962
0.0001440805
0.0001401838
0.0001369713
0.0001389221
0.0001422467
0.0001377995
0.0001352273
0.0001428100
0.0001351373
0.0001270949
0.0001191408
0.0001124564
0.0001233760
0.0001155004
0.0001171984
0.0001276068
0.0001327791
0.0001184407
0.0001324018
0.0001156643
0.0001326448
0.0001172621
0.0001133962
0.0001256031
0.0001351268
0.0001179948
0.0001316150
0.0001295435
0.0001276490
0.0001157857
0.0001150429
0.0001269217
0.0001292605
0.0001275933
0.0001340347
0.0001305160
0.0001201461
0.0001147603
0.0001313417
0.0001168408
0.0001311604
0.0001331434
0.0001202121
0.0001134089
0.0001319290
0.0001135609
0.0001161890
0.0001241589
0.0001277143
0.0001293480
0.0001273559
0.0001308022
0.0001206974
0.0001277324
0.0001164698
0.0001226933
0.0001291582
0.0001121327
0.0001279238
0.0001306628
0.0001114773
0.0001321795
0.0001188608
0.0001207057
0.0001202889
0.0001170766
0.0001273919
0.0001259601
0.0001211784
0.0001317711
0.0001173903
0.0001311354
0.0001328421
0.0001268164
0.0001259604
0.0001275574
0.0001112884
0.0001340897
0.0001162049
0.0001325545
0.0001242011
0.0001189937
0.0001193407
0.0001244795
0.0001343706
0.0001340898
0.0001308172
0.0001140717
0.0001131543
0.0001189918
0.0001118187
0.0001246838
0.0001202238
0.0001113396
0.0001289872
0.0001220801
0.0001345684
0.0001326544
0.0001147503
0.0001254171
0.0001286013
0.0001204908
0.0001178365
0.0001216008
0.0001129127
0.0001186250
0.0001266009
0.0001169372
0.0001148693
0.0001275833
0.0001263754
0.0001181799
0.0001176184
0.0001240360
0.0001281994
0.0001242990
0.0001148885
0.0001250615
0.0001215956
0.0001200268
0.0001297733
0.0001136565
0.0001131181
0.0001315371
0.0001111710
0.0001229926
0.0001113208
0.0001286625
0.0001324915
0.0001138594
0.0001180158
0.0001139172
0.0001205029
0.0001113286
0.0001115527
0.0001323842
0.0001184885
0.0001265380
0.0001233886
0.0001113115
0.0001232951
0.0001295183
0.0001191184
0.0001211728
0.0001274839
0.0001122782
0.0001118286
0.0001291397
0.0001314434
0.0001226252
0.0001252843
0.0001319723
0.0001282285
0.0001272082
0.0001246819
0.0001263072
0.0001186679
0.0001125916
0.0001179399
0.0001341755
0.0001306504
0.0001298502
0.0001241800
0.0001185137
0.0001268525
0.0001263749
0.0001174910
0.0001292054
0.0001160350
0.0001131747
0.0001132397
0.0001210165
0.0001265240
0.0001155344
0.0001190713
0.0001172755
0.0001158532
0.0001122716
0.0001262036
0.0001111922
0.0001109459
0.0001227257
0.0001143614
0.0001287518
0.0001351910
0.0001440012
0.0000291882
0.0000299878
0.0000380371
0.0000685042
0.0000626580
0.0000738370
0.0000765756
0.0000834938
0.0000854805
0.0000808786
0.0000835685
0.0000765329
0.0000868913
0.0000837587
0.0000820817
0.0000794660
0.0000751183
0.0000738472
0.0000878315
0.0001712062
0.0001149197
0.0000081241
0.0001339879
0.0000171340
0.0000465811
0.0001489249
0.0001296813
0.0001736312
0.0000497293
0.0000643767
0.0000890448
0.0001021830
0.0001791200
0.0001804310
0.0001628994
0.0001959443
0.0001975693
0.0001984070
0.0000213005
0.0002727896
0.0002330981
0.0001543490
0.0003501204
0.0001448978
0.0002309687
0.0002153255
0.0002052704
0.0001677075
0.0001575654
0.0000184621
0.0001554732
0.0002611711
0.0001370334
0.0001114642
0.0000978907
0.0001986696
0.0002903374
0.0002841046
0.0001278540
0.0002300283
0.0000170529
0.0001644902
0.0002446216
0.0001879290
0.0002812739
0.0001324628
0.0003136510
0.0002096179
0.0002920273
0.0005498444
0.0004476825
0.0002518293
0.0005268005
0.0004544561
0.0005832402
0.0004250717
0.0004198479
0.0005008725
0.0003478228
0.0005503121
0.0002475756
0.0004646048
0.0001580326
0.0002649064
0.0004420104
0.0001861548
0.0003335620
0.0003683027
0.0004193714
0.0003522227
0.0003889432
0.0002855985
0.0004868979
0.0002609735
0.0003959928
0.0005249895
0.0004510214
0.0003347822
0.0004229238
0.0004011002
0.0003297997
0.0002882758
0.0003513067
0.0006027330
0.0002701687
0.0003252839
0.0005339059
0.0005022415
0.0005694792
0.0005070071
0.0004583345
0.0004805491
0.0005616083
0.0006188748
0.0006684649
0.0004219754
0.0006520717
0.0008687153
0.0007165246
0.0006491251
0.0006134143
0.0006410277
0.0006430639
0.0011246934
0.0007683185
0.0007991530
0.0005951435
0.0007222865
0.0006282199
0.0008275406
0.0007822793
0.0008905709
0.0008242706
0.0007422383
0.0007317931
0.0006181333
0.0008073419
0.0005681760
0.0010118751
0.0010396468
0.0008489727
0.0009021613
0.0009085718
0.0008092322
0.0009607005
0.0008846599
0.0009722503
0.0007445614
0.0010570500
0.0009732517
0.0011749061
0.0010509357
0.0008948372
0.0010911797
0.0011322862
0.0010141490
0.0010969312
0.0014555154
0.0011682902
0.0010259275
0.0009801498
0.0010482975
0.0012390123
0.0011870593
0.0013849118
0.0012112753
0.0012222728
0.0012683898
0.0011283381
0.0012068078
0.0011155573
0.0013492417
0.0013151187
0.0016893059
0.0012841008
0.0010402749
0.0013072427
0.0013944931
0.0013302745
0.0011191536
0.0016114533
0.0010135637
0.0013754108
0.0011975079
0.0012919100
0.0010108969
0.0010844480
0.0013388679
0.0011126477
0.0010261351
0.0012885681
0.0011241294
0.0011959241
0.0013459172
0.0012036264
0.0010811952
0.0015307701
0.0012299399
0.0009996038
0.0010271348
0.0012479815
0.0010970504
0.0016234866
0.0011109870
0.0011044931
0.0010811637
0.0013870847
0.0012394774
0.0011170020
0.0013125630
0.0013445067
0.0015845836
0.0012645937
0.0014064210
0.0012771976
0.0015287248
0.0011958197
0.0013136097
0.0012914080
0.0011781758
0.0011226087
0.0012550742
0.0011838098
0.0013820425
0.0011800130
0.0009864025
0.0015628991
0.0011012747
0.0012417512
0.0013146401
0.0011737697
0.0011169577
0.0013819474
0.0012628763
0.0014725537
0.0011692585
0.0010628852
0.0014148832
0.0012847200
0.0013866737
0.0014138998
0.0010598548
0.0013321150
0.0015196187
0.0015290080
0.0014320713
0.0012953109
0.0011109820
0.0014704236
0.0012290737
0.0013821747
0.0015807217
0.0010770209
0.0012129358
0.0017920412
0.0008612134
0.0014405238
0.0012657124
0.0014375107
0.0012829622
0.0014666363
0.0013479647
0.0018785838
0.0016080989
0.0013778012
0.0012179354
0.0012133384
0.0012023251
0.0015181291
0.0011130965
0.0012449980
0.0011095452
0.0012909669
0.0012877846
0.0012452682
0.0014748199
0.0015471118
0.0017348493
0.0018938235
0.0015984208
0.0017737780
0.0019353358
0.0017218537
0.0017688040
0.0022508314
0.0016450668
0.0017860918
0.0020095151
0.0022967522
0.0018466198
0.0021857285
0.0020653713
0.0017267590
0.0018023424
0.0017776265
0.0018441594
0.0023635427
0.0020420163
0.0021076947
0.0017308426
0.0018933493
0.0022981420
0.0017670019
0.0017951115
0.0017954784
0.0016925467
0.0017448877
0.0017921011
0.0020847339
0.0017556949
0.0022179845
0.0025721512
0.0023249015
0.0020860100
0.0019385018
0.0017147272
0.0018623730
0.0017880045
0.0014850359
0.0019359752
0.0020561997
0.0020025367
0.0019232292
0.0020802538
0.0017945942
0.0022582470
0.0019067898
0.0018352488
0.0020805508
0.0017443490
0.0019588956
0.0019808187
0.0017307108
0.0023414468
0.0016806477
0.0018582330
0.0021657651
0.0021212279
0.0021428653
0.0017627931
0.0015272742
0.0021719725
0.0020207172
0.0023074201
0.0018110691
0.0019034130
0.0016115296
0.0019577044
0.0021354289
0.0016964153
0.0022377870
0.0021135606
0.0020186008
0.0020565566
0.0026845095
0.0023009696
0.0021091029
0.0021669731
0.0020883642
0.0022211968
0.0020249167
0.0022101423
0.0018405932
0.0016889736
0.0021075834
0.0016909967
0.0021728230
0.0017424683
0.0021653432
0.0019068588
0.0021892844
0.0021515091
0.0021451459
0.0022669751
0.0022545304
0.0021297939
0.0017954312
0.0025501040
0.0023015617
0.0015854522
0.0023691917
0.0022636048
0.0019612704
0.0021388715
0.0026001650
0.0018868118
0.0020506411
0.0015864421
0.0017888420
0.0021923797
0.0025041125
0.0017933520
0.0025750859
0.0026101688
0.0024581607
0.0023332790
0.0023674995
0.0023430517
0.0023825152
0.0018686208
0.0023024106
0.0020658021
0.0021429230
0.0020175562
0.0023616910
0.0021363081
0.0016470630
0.0020782545
0.0019562394
0.0020694265
0.0023358257
0.0021158126
0.0018126284
0.0020444055
0.0023548806
0.0025988138
0.0020731357
0.0022717527
0.0022332945
0.0019516664
0.0021383190
0.0021930784
0.0023552771
0.0017197995
0.0020711115
0.0021021437
0.0022741430
0.0022801670
0.0016346913
0.0021599604
0.0016047372
0.0021514596
0.0017615472
0.0016674166
0.0019473822
0.0020233373
0.0019224733
0.0021273306
0.0022150469
0.0017550163
0.0021692799
0.0021406549
0.0019750549
0.0016803828
0.0018738892
0.0021225507
0.0019126756
0.0016222178
0.0021877091
0.0020941498
0.0016368603
0.0022940016
0.0018021465
0.0019669887
0.0021442862
0.0017879104
0.0018598100
0.0021178574
0.0019814926
0.0018505622
0.0018873333
0.0022030866
0.0024769170
0.0016753863
0.0023255901
0.0024642724
0.0027511784
0.0021976288
0.0024956749
0.0025218201
0.0028686544
0.0021364348
0.0022258703
0.0019438502
0.0018416776
0.0022775004
0.0020796991
0.0022691704
0.0017965541
0.0022024368
0.0021341742
0.0015643155
0.0025073547
0.0022694270
0.0026408386
0.0020737009
0.0025427059
0.0027952434
0.0022962421
0.0021746833
0.0026272026
0.0022761280
0.0023519985
0.0021343892
0.0023788123
0.0026817363
0.0026838530
0.0018541160
0.0028890663
0.0020277359
0.0020014050
0.0022426087
0.0018638377
0.0021123622
0.0022218968
0.0021084764
0.0020639531
0.0020983142
0.0022785460
0.0014742882
0.0022191064
0.0016077641
0.0023577252
0.0019199693
0.0019246421
0.0020448558
0.0022592455
0.0024713558
0.0019452362
0.0021158217
0.0019414160
0.0017894552
0.0019449997
0.0021496401
0.0023643014
0.0024367902
0.0024365821
0.0021068885
0.0018793816
0.0025917381
0.0020343811
0.0018200617
0.0022387415
0.0018375876
0.0019572407
0.0021230928
0.0022906206
0.0020564896
0.0020618571
0.0016944756
0.0022260532
0.0024194649
0.0016016338
0.0022288437
0.0019371941
0.0018051498
0.0019655511
0.0015761327
0.0020482013
0.0017697267
0.0018867826
0.0017225423
0.0015827872
0.0023028873
0.0016912891
0.0018092717
0.0018809159
0.0017951521
0.0015653098
0.0015483220
0.0018311788
0.0013474568
0.0020021837
0.0018109511
0.0012369860
0.0014889034
0.0013371443
0.0016584375
0.0014623957
0.0015630349
0.0019066207
0.0018635093
0.0017772212
0.0016350052
0.0014602383
0.0018493021
0.0014633142
0.0011344578
0.0015884278
0.0011374806
0.0012338054
0.0012118544
0.0016477522
0.0015234602
0.0012917841
0.0009264084
0.0017915930
0.0015351055
0.0011974195
0.0013551254
0.0011789826
0.0010952448
0.0008695968
0.0009938014
0.0010626046
0.0012020760
0.0011664504
0.0006773624
0.0008621703
0.0008235576
0.0010371381
0.0009171027
0.0009318633
0.0009916397
0.0009125225
0.0010035442
0.0010295392
0.0012914596
0.0010533660
0.0013095243
0.0008496079
0.0009491844
0.0007978704
0.0009348398
0.0011058335
0.0008613711
0.0009751120
0.0005383297
0.0008997382
0.0007332799
0.0008929638
0.0006136235
0.0007875172
0.0012496898
0.0011626504
0.0007190319
0.0005834364
0.0006604562
0.0006288677
0.0004637858
0.0006594081
0.0007947732
0.0004602749
0.0007327378
0.0007599557
0.0004713530
0.0006442581
0.0004184559
0.0005701748
0.0006011640
0.0004628343
0.0003776412
0.0006831694
0.0005169866
0.0004441244
0.0006300303
0.0002755976
0.0004838085
0.0005316135
0.0004195133
0.0005281227
0.0004220704
0.0005290752
0.0004308742
0.0002402410
0.0005324142
0.0004679913
0.0002681774
0.0005690307
0.0005181456
0.0003220103
0.0006502210
0.0002378892
0.0003367775
0.0003068604
0.0002390353
0.0002823253
0.0002080139
0.0003293786
0.0002591766
0.0002909625
0.0003047882
0.0003995206
0.0003591814
0.0004437817
0.0002577898
0.0002073950
0.0002756312
0.0002218620
0.0003320413
0.0002334791
0.0002896666
0.0003130227
0.0002557172
0.0004077797
0.0002867678
0.0003072502
0.0001634988
0.0002784740
0.0003164119
0.0004187700
0.0002708850
0.0003072636
0.0002075521
0.0001955809
0.0003706506
0.0003793995
0.0004192490
0.0003600097
0.0003254516
0.0002715274
0.0003174905
0.0002884670
0.0001842371
0.0003822201
0.0003085401
0.0004629221
0.0002841892
0.0003287657
0.0001607010
0.0003025801
0.0002900308
0.0002475330
0.0003810463
0.0002851973
0.0002826345
0.0004060872
0.0002258488
0.0002645924
0.0003021419
0.0002918875
0.0002406751
0.0002676832
0.0003148004
0.0003332447
0.0002508481
0.0002112144
0.0003044345
0.0002579563
0.0002383274
0.0004441458
0.0000449473
0.0002111079
0.0001636051
0.0002912675
0.0001601728
0.0002989202
0.0001828461
0.0001072881
0.0002353238
0.0002174900
0.0002464659
0.0000657119
0.0002605669
0.0002506107
0.0001718411
0.0002002998
0.0001763876
0.0002661835
0.0002211649
0.0001592087
0.0002582609
0.0003015739
0.0000060670
0.0002014070
0.0001852795
0.0002608672
0.0002139602
0.0001158146
0.0001830135
0.0001649017
0.0002499896
0.0001574006
0.0002157391
0.0000998107
0.0001435319
0.0001912372
0.0001429916
0.0001806067
0.0001213551
0.0001630219
0.0002042424
0.0001352328
0.0001492306
0.0001750423
0.0001390671
0.0001943760
0.0001602228
0.0002248319
0.0000881045
0.0001498027
0.0000688330
0.0003187387
0.0002286434
0.0001973103
0.0002787530
0.0001974999
0.0002716656
0.0002489834
0.0002090404
0.0001243270
0.0001834426
0.0001205954
0.0001415629
0.0002589886
0.0002112527
0.0001878945
0.0000374823
0.0002714734
0.0000999841
0.0002088887
0.0002715936
0.0001798134
0.0001508846
0.0002232487
0.0001224938
0.0001875121
0.0001901875
0.0000816278
0.0001032441
0.0001553166
0.0001478300
0.0001181033
0.0001307547
0.0001100328
0.0001443084
0.0001400412
0.0002230665
0.0002368232
0.0000163203
0.0002703409
0.0001554389
0.0002142362
0.0001484024
0.0001669023
0.0002079181
0.0001565658
0.0001288773
0.0001194245
0.0001057730
0.0000673907
0.0001153434
0.0002218590
0.0002301223
0.0001482144
0.0001695306
0.0000487488
0.0001669290
0.0000899214
0.0000877813
0.0001736547
0.0001011693
0.0001476247
0.0001511486
0.0001597505
0.0000562656
0.0000761386
0.0001381734
0.0000844739
0.0001187500
0.0001613247
0.0002193048
0.0001264744
0.0002087177
0.0001586291
0.0001505311
0.0001785967
0.0000789623
0.0001196351
0.0001678222
0.0001137289
0.0001278411
0.0002708885
0.0000324831
0.0001925759
0.0002050007
0.0001636327
0.0000664750
0.0001548116
0.0001311153
0.0002501817
0.0000553944
0.0000809442
0.0002857542
0.0000564784
0.0002254259
0.0002379415
0.0001491717
0.0003632428
0.0000718217
0.0001343819
0.0001776092
0.0001185734
0.0001443780
0.0001777672
0.0000331300
0.0000795092
0.0000570003
0.0001186784
0.0000376846
0.0000374714
0.0001521539
0.0001510514
0.0001498202
0.0001249205
0.0001555586
0.0001129325
0.0000505857
0.0001709152
0.0001799223
0.0001888408
0.0001625621
0.0001662388
0.0000253224
0.0000631409
0.0000846887
0.0000918565
0.0001244360
0.0001530437
0.0001635106
0.0000812499
0.0000341835
0.0001548989
0.0000784475
0.0000891614
0.0001284603
0.0002058510
0.0000760781
0.0001232247
0.0001506571
0.0001359969
0.0001023888
0.0001336462
0.0001186246
0.0000862634
0.0000321190
0.0000348040
0.0000388614
0.0001515249
0.0001402906
0.0001392413
0.0000967587
0.0001046062
0.0000721224
0.0000907608
0.0002046923
0.0000385166
0.0002098258
0.0001196322
0.0001191545
0.0001141957
0.0000237372
0.0001031613
0.0000286739
0.0001206400
0.0001106865
0.0000596560
0.0000861112
0.0001252699
0.0000229846
0.0000852226
0.0000952551
0.0000842762
0.0000555666
0.0000671133
0.0000741856
0.0000588038
0.0000916426
0.0000807707
0.0001325105
0.0000892709
0.0001172244
0.0001123201
0.0000329735
0.0001557903
0.0000874119
0.0000487363
0.0000800815
0.0001182208
0.0001259575
0.0001684338
0.0000507770
0.0000570037
0.0000586223
0.0000619974
0.0000642308
0.0000845989
0.0001770460
0.0000121101
0.0000884265
0.0001152543
0.0001309795
0.0000870112
0.0001280040
0.0000362292
0.0000642986
0.0000634836
0.0000642565
0.0000632196
0.0000744899
0.0000836688
0.0000877969
0.0000970194
0.0001015392
0.0000966734
0.0001787939
0.0000126791
0.0000647250
0.0000744709
0.0001067604
0.0001130689
0.0001481693
0.0001942404
0.0000457972
0.0000630491
0.0000293029
0.0000651373
0.0000320975
0.0000535683
0.0000983453
0.0000998817
0.0000027177
0.0000313134
0.0001090782
0.0000876717
0.0000915796
0.0001397075
0.0001421019
0.0001374759
0.0001253338
0.0001296509
0.0001251232
0.0001059066
0.0000299658
0.0000224212
0.0000585317
0.0000382711
0.0000875310
0.0000530477
0.0000345095
0.0000541018
0.0000389068
0.0000360044
0.0000924772
0.0000815425
0.0000778227
0.0000594614
0.0000214038
0.0000631735
0.0001752296
0.0001049595
0.0000162238
0.0000392910
0.0000382400
0.0000761634
0.0000719842
0.0001319144
0.0000870029
0.0000950905
0.0000989856
0.0000824812
0.0000984859
0.0001132128
0.0001091771
0.0001260379