0.0001041132
0.0001650251
0.0001529703
0.0000775892
0.0000643818
0.0000697665
0.0000730161
0.0000627390
0.0000954576
0.0000939549
0.0000660941
0.0000702735
0.0000719050
0.0000817988
0.0000336712
0.0000402481
0.0000429818
0.0000678544
0.0000964725
0.0000857502
0.0000943944
0.0000931041
0.0000913712
0.0000713724
0.0000769841
0.0000869517
0.0000987175
0.0000934598
0.0001002652
0.0000548133
0.0000931339
0.0000888124
0.0000884331
0.0000142111
0.0000195657
0.0000612051
0.0000820826
0.0000770756
0.0000759980
0.0001399569
0.0001227425
0.0000916677
0.0001020180
0.0001176604
0.0000883992
0.0000818058
0.0000636164
0.0000671297
0.0000491662
0.0001771454
0.0000821980
0.0000577289
0.0001481292
0.0000978009
0.0001815540
0.0000777882
0.0000830168
0.0000932587
0.0001104800
0.0000828814
0.0000206353
0.0000890712
0.0001055924
0.0000532828
0.0000746031
0.0000482775
0.0000565619
0.0000578102
0.0000099226
0.0000353451
0.0000175864
0.0000367907
0.0000429342
0.0000425321
0.0000420028
0.0000191264
0.0000279360
0.0000532316
0.0000564132
0.0000551710
0.0000612389
0.0000616294
0.0000656246
0.0000741104
0.0000681674
0.0000620406
0.0000763610
0.0000784647
0.0000617179
0.0000789375
0.0000765256
0.0000632168
0.0000662984
0.0000607009
0.0000542601
0.0000673059
0.0000564024
0.0000559852
0.0000494074
0.0000441113
0.0000727093
0.0000770790
0.0000644644
0.0000733813
0.0000977820
0.0000975394
0.0000859454
0.0000768147
0.0000741243
0.0000677127
0.0000671764
0.0000671456
0.0000764832
0.0000681490
0.0000756553
0.0000700709
0.0000651223
0.0000739093
0.0000735335
0.0000721189
0.0000682565
0.0000660684
0.0000660667
0.0000702362
0.0000661909
0.0000678830
0.0000767243
0.0000656326
0.0000672596
0.0000687640
0.0000659287
0.0000711759
0.0000658459
0.0000654225
0.0000649462
0.0001346692
0.0000845815
0.0001056994
0.0001481539
0.0001236878
0.0000324559
0.0000271853
0.0000220117
0.0001159961
0.0001063150
0.0001227649
0.0000900277
0.0001034577
0.0001495902
0.0000827283
0.0001205567
0.0000616329
0.0001009638
0.0001066592
0.0000356966
0.0000717302
0.0001363871
0.0000503175
0.0000693809
0.0001509051
0.0001207652
0.0000987507
0.0000702951
0.0001356845
0.0000980623
0.0001383046
0.0001309250
0.0000238109
0.0000922200
0.0000989219
0.0001011249
0.0001503311
0.0000319243
0.0001525026
0.0001014995
0.0001363598
0.0000829742
0.0001463562
0.0001376440
0.0000890040
0.0001506635
0.0000351113
0.0000888855
0.0000556804
0.0000388199
0.0001431555
0.0000625409
0.0000629761
0.0000360534
0.0000595446
0.0000484804
0.0000896016
0.0001098779
0.0001000096
0.0001241770
0.0001524618
0.0000479929
0.0000730465
0.0001539978
0.0000939524
0.0000899940
0.0001229862
0.0001475378
0.0001379096
0.0000809892
0.0001417745
0.0000715301
0.0000875042
0.0000721356
0.0000716316
0.0000756040
0.0000750998
0.0000756439
0.0000880519
0.0000767342
0.0000798422
0.0000779444
0.0000819159
0.0000761437
0.0000888510
0.0000822804
0.0000813290
0.0000821013
0.0000928653
0.0000872671
0.0000735471
0.0000796314
0.0000716098
0.0000809416
0.0000754703
0.0000916256
0.0000797230
0.0000903382
0.0000816578
0.0000888772
0.0000723184
0.0000846560
0.0000747113
0.0000870601
0.0000922672
0.0000860072
0.0000760211
0.0000721551
0.0000887239
0.0000771642
0.0000788694
0.0000735651
0.0000820619
0.0000816344
0.0000903674
0.0000842970
0.0000843733
0.0000831048
0.0000915557
0.0000835744
0.0000930741
0.0000933041
0.0000846316
0.0000917258
0.0000822312
0.0000882073
0.0000931126
0.0000923406
0.0000795422
0.0000821855
0.0000825609
0.0000773691
0.0000722351
0.0000741264
0.0000939806
0.0000913529
0.0000817065
0.0000897456
0.0000807429
0.0000765433
0.0000885256
0.0000816187
0.0000917892
0.0000773054
0.0000896123
0.0000777207
0.0000855541
0.0000718331
0.0000852348
0.0000876112
0.0000768092
0.0000941962
0.0000785047
0.0000741819
0.0000800315
0.0000855665
0.0000849477
0.0000746318
0.0000740900
0.0000870409
0.0000942078
0.0000846080
0.0000727441
0.0000889729
0.0000739438
0.0000938287
0.0000867312
0.0000814603
0.0000840687
0.0000744306
0.0000794280
0.0000900487
0.0000855262
0.0000750760
0.0000787259
0.0000856709
0.0000760008
0.0000752504
0.0000832525
0.0000757438
0.0000853045
0.0000720561
0.0000807109
0.0000833317
0.0000823254
0.0000904593
0.0000740852
0.0000820246
0.0000727369
0.0000784710
0.0000807763
0.0000860832
0.0000881577
0.0000801278
0.0000932813
0.0000941777
0.0000716291
0.0000849359
0.0000808166
0.0000879653
0.0000815781
0.0000852190
0.0000872489
0.0000815935
0.0000775576
0.0000727075
0.0000889476
0.0000715589
0.0000901059
0.0000751615
0.0000717401
0.0000889771
0.0000842526
0.0000772238
0.0000779200
0.0000879815
0.0000880470
0.0000761039
0.0000731719
0.0000808177
0.0000894166
0.0000907849
0.0000766463
0.0000897266
0.0000760887
0.0000736671
0.0000906483
0.0000770057
0.0000779706
0.0000769099
0.0000781007
0.0000863304
0.0000920064
0.0000733256
0.0000874568
0.0000920713
0.0000717803
0.0000763358
0.0000870029
0.0000759406
0.0000796438
0.0000739014
0.0000890107
0.0000946295
0.0001076988
0.0001286447
0.0001317299
0.0001377829
0.0001552994
0.0000598144
0.0000748753
0.0000758852
0.0000721521
0.0000717423
0.0000835453
0.0001510666
0.0001221106
0.0001474302
0.0001025725
0.0001374378
0.0000855797
0.0001413737
0.0000928829
0.0001543956
0.0001520741
0.0001534551
0.0001352117
0.0001582388
0.0001302471
0.0001248717
0.0000391347
0.0000888132
0.0001320127
0.0001117879
0.0001370571
0.0000715080
0.0001323677
0.0000546425
0.0001083636
0.0001819219
0.0001833423
0.0001517281
0.0001325627
0.0000994724
0.0001067913
0.0001451224
0.0001812332
0.0000114504
0.0002017805
0.0002143311
0.0001910427
0.0002411182
0.0001389075
0.0002341823
0.0002296217
0.0001657539
0.0001717981
0.0001475918
0.0000800522
0.0002357271
0.0001702913
0.0001250904
0.0000637727
0.0000801712
0.0003033583
0.0002804585
0.0002140013
0.0001469982
0.0002959553
0.0001141126
0.0001541145
0.0001411620
0.0001901698
0.0002582428
0.0001938159
0.0003700356
0.0002085469
0.0003784511
0.0005016751
0.0003740043
0.0001593868
0.0005465648
0.0005018597
0.0005470856
0.0003595592
0.0004101721
0.0004150777
0.0002772161
0.0005787525
0.0002493854
0.0005188612
0.0001379238
0.0002501859
0.0004633691
0.0002540351
0.0003548706
0.0003839021
0.0003874330
0.0003981547
0.0003603081
0.0002932248
0.0004236747
0.0002191844
0.0004226246
0.0004847150
0.0004172932
0.0002941832
0.0004486885
0.0003837065
0.0002750740
0.0003212576
0.0002906857
0.0005529882
0.0002903627
0.0003106081
0.0005344547
0.0004739701
0.0005701767
0.0004654295
0.0004726519
0.0005023058
0.0006327426
0.0006462452
0.0007197722
0.0004111565
0.0006658665
0.0008429405
0.0007126836
0.0005924948
0.0006204685
0.0006447765
0.0006594374
0.0010810542
0.0007366449
0.0008041374
0.0005637295
0.0007436136
0.0006533946
0.0008209137
0.0007927637
0.0009708667
0.0008134043
0.0007428968
0.0006894640
0.0007020873
0.0007540238
0.0005912069
0.0010362151
0.0009960209
0.0008630060
0.0009400410
0.0009445940
0.0008279135
0.0009658068
0.0008755364
0.0009688696
0.0007706803
0.0011015533
0.0009439555
0.0011457526
0.0010303003
0.0009351552
0.0010362949
0.0011479650
0.0009589585
0.0010406965
0.0014181862
0.0011479771
0.0010348877
0.0010107205
0.0010252584
0.0011753454
0.0012068539
0.0014224179
0.0012484674
0.0011718893
0.0012414080
0.0011154354
0.0012119620
0.0010702819
0.0013122082
0.0013853635
0.0016506206
0.0012480793
0.0010458534
0.0012578485
0.0013729608
0.0013278137
0.0011143492
0.0015395073
0.0010394317
0.0013591309
0.0012343792
0.0012835469
0.0010131887
0.0011441171
0.0013344327
0.0010405163
0.0010411930
0.0012182837
0.0011471856
0.0012512977
0.0013423187
0.0011829170
0.0010463468
0.0015645649
0.0012235877
0.0010243213
0.0010566153
0.0012261214
0.0011247874
0.0016224867
0.0010922936
0.0010737684
0.0010995214
0.0013788752
0.0012801881
0.0010841487
0.0013161039
0.0013878746
0.0016052970
0.0013159667
0.0014019331
0.0013262233
0.0015136716
0.0011678356
0.0013163958
0.0012659286
0.0012104462
0.0010997973
0.0012192556
0.0011089634
0.0013717321
0.0012062904
0.0010223946
0.0014951980
0.0010631573
0.0012450971
0.0013716730
0.0011480247
0.0010924137
0.0013247964
0.0012661642
0.0015142736
0.0012195647
0.0011041000
0.0014583504
0.0013244311
0.0013574264
0.0013459691
0.0009933284
0.0012548482
0.0015065521
0.0014702370
0.0014404594
0.0012665637
0.0011061292
0.0014852931
0.0012685468
0.0013564001
0.0015808112
0.0011111307
0.0012060074
0.0018093014
0.0008555180
0.0014138684
0.0012879434
0.0014689673
0.0013172680
0.0014589807
0.0013321392
0.0019281516
0.0015626975
0.0013569419
0.0011819568
0.0012371734
0.0011647981
0.0015156063
0.0011080008
0.0012354434
0.0011312920
0.0013171718
0.0012946484
0.0012110273
0.0014765256
0.0015679713
0.0017457046
0.0019249162
0.0015753576
0.0017150847
0.0018875047
0.0016811752
0.0017806411
0.0022184736
0.0016953832
0.0017851807
0.0020069345
0.0022722117
0.0018919088
0.0021666230
0.0020917146
0.0016454665
0.0018853040
0.0018529210
0.0019135650
0.0024152867
0.0020742832
0.0020822180
0.0016422060
0.0020014262
0.0023356050
0.0017411400
0.0018122496
0.0018252783
0.0017607841
0.0017540697
0.0017751579
0.0020606379
0.0017094423
0.0023001206
0.0026707370
0.0023224493
0.0021804682
0.0018898301
0.0016822024
0.0017982964
0.0017004191
0.0015421054
0.0019869407
0.0020298568
0.0019374185
0.0019421134
0.0020266467
0.0017567234
0.0022839113
0.0019203209
0.0018283114
0.0020894724
0.0017629968
0.0019111053
0.0020321374
0.0017631577
0.0023332468
0.0016757570
0.0018752993
0.0020658537
0.0022107233
0.0022044964
0.0017774504
0.0015769162
0.0022059437
0.0020109038
0.0022235308
0.0018104424
0.0019125006
0.0016996447
0.0018832486
0.0021166569
0.0016622052
0.0021811890
0.0021944070
0.0019417750
0.0021243309
0.0026867936
0.0023106891
0.0021106660
0.0021213007
0.0020102187
0.0022316309
0.0021181850
0.0021536524
0.0019419643
0.0016472773
0.0021017409
0.0017464083
0.0022421381
0.0017347392
0.0022073932
0.0018959728
0.0021426398
0.0021361750
0.0021101492
0.0021860514
0.0022297515
0.0021057428
0.0017567078
0.0025240711
0.0023271295
0.0015866717
0.0023651087
0.0022913505
0.0019601258
0.0019600564
0.0022573729
0.0016374732
0.0017839716
0.0014009712
0.0015496908
0.0019332874
0.0021694494
0.0016216490
0.0022170812
0.0023348339
0.0022578729
0.0021184959
0.0021152922
0.0019937495
0.0020528693
0.0016744489
0.0020403583
0.0018663297
0.0018305927
0.0018103228
0.0021632102
0.0018930775
0.0014280067
0.0018752996
0.0016729499
0.0018530966
0.0020018842
0.0018907004
0.0016107067
0.0017640795
0.0021706764
0.0023378679
0.0018389222
0.0020456685
0.0019859580
0.0018055556
0.0019622910
0.0019678954
0.0020584866
0.0015198907
0.0019466660
0.0019418854
0.0020146007
0.0020290618
0.0014264618
0.0019396414
0.0013764206
0.0019073732
0.0015524315
0.0015039088
0.0017712278
0.0018275734
0.0017562801
0.0018988560
0.0019106566
0.0015540591
0.0019251525
0.0019174060
0.0017336065
0.0015294240
0.0016453800
0.0018858745
0.0017048505
0.0015121068
0.0019419667
0.0018229103
0.0014498786
0.0020181225
0.0015369696
0.0017755966
0.0018457626
0.0016109894
0.0017518261
0.0019093513
0.0017952851
0.0017296728
0.0016179621
0.0019360103
0.0022108191
0.0014775704
0.0021505788
0.0022146027
0.0024990526
0.0020181808
0.0021660510
0.0023067821
0.0024905970
0.0019265278
0.0020078440
0.0017283455
0.0017237231
0.0020705696
0.0019177838
0.0019402210
0.0015617737
0.0019853795
0.0018643457
0.0014375766
0.0022439345
0.0020498772
0.0019749974
0.0016159328
0.0019040128
0.0020259110
0.0017533274
0.0016618074
0.0019133355
0.0017171424
0.0016933019
0.0015660571
0.0016913619
0.0019657431
0.0019903517
0.0014520801
0.0018704003
0.0018704003
0.0018403605
0.0019645332
0.0011161022
0.0012876212
0.0013045887
0.0011973922
0.0012322654
0.0012479176
0.0013560878
0.0008746857
0.0012532217
0.0009532645
0.0014249083
0.0012023911
0.0011141538
0.0011995018
0.0013647465
0.0015211068
0.0011795251
0.0011968247
0.0011781556
0.0010082316
0.0011572234
0.0012143886
0.0013465152
0.0014433830
0.0013944406
0.0011955436
0.0010552481
0.0015371810
0.0012601723
0.0010307705
0.0012641923
0.0010172060
0.0011487747
0.0012410091
0.0013888642
0.0011907448
0.0012249950
0.0010338183
0.0013087814
0.0014701409
0.0009570202
0.0012651333
0.0011540807
0.0010655902
0.0011618792
0.0008761543
0.0011730624
0.0010525881
0.0011426426
0.0010332855
0.0009351069
0.0013443873
0.0009624903
0.0010597105
0.0010965298
0.0010687150
0.0008819534
0.0009041156
0.0010093176
0.0008185456
0.0011853688
0.0011202127
0.0007137342
0.0008722171
0.0008024213
0.0010221376
0.0008868522
0.0009261048
0.0011296404
0.0011355974
0.0010871414
0.0010016877
0.0008565869
0.0010889088
0.0009048404
0.0006748049
0.0009569985
0.0006261770
0.0007524102
0.0007320674
0.0010339052
0.0009368490
0.0007314738
0.0005912264
0.0010664336
0.0008690786
0.0007731896
0.0009572557
0.0008437320
0.0008106415
0.0006528235
0.0007603728
0.0007354047
0.0008586850
0.0008632821
0.0005038621
0.0006376316
0.0006070072
0.0007805028
0.0006440527
0.0007269143
0.0006787934
0.0006772512
0.0007602142
0.0007809651
0.0009079056
0.0007451501
0.0009206025
0.0005834661
0.0006941366
0.0005862202
0.0007156691
0.0007723006
0.0006345898
0.0007226572
0.0004355971
0.0006612207
0.0005231097
0.0006225797
0.0004759323
0.0005943641
0.0009065734
0.0007986640
0.0005266667
0.0005987130
0.0006196366
0.0005689487
0.0004629039
0.0005947115
0.0008293855
0.0004488155
0.0007247985
0.0007451385
0.0004808587
0.0006277536
0.0004710813
0.0005749050
0.0005736581
0.0005262567
0.0003938029
0.0006452697
0.0005423899
0.0004088346
0.0005959814
0.0002704503
0.0005203578
0.0005749824
0.0004342548
0.0004874394
0.0003838110
0.0005431444
0.0004466987
0.0002298746
0.0005206479
0.0005081249
0.0002849316
0.0006089566
0.0005014399
0.0003372295
0.0006282892
0.0002702556
0.0002984347
0.0003194612
0.0002668514
0.0003349015
0.0002550006
0.0003214055
0.0002072916
0.0002840827
0.0002907438
0.0004023385
0.0003823907
0.0004559794
0.0002671158
0.0002080486
0.0002209299
0.0002880302
0.0003124425
0.0002930301
0.0002834335
0.0002960577
0.0003039834
0.0004406834
0.0003545496
0.0003386577
0.0001595790
0.0003437810
0.0003735068
0.0003710457
0.0002228387
0.0002767234
0.0001923615
0.0001645644
0.0003658568
0.0003192141
0.0004147596
0.0003180555
0.0003138322
0.0002454815
0.0002734009
0.0002525019
0.0001612980
0.0003304548
0.0003292697
0.0004151871
0.0002975748
0.0003686886
0.0001803098
0.0003431573
0.0003039126
0.0002627732
0.0003699831
0.0002612995
0.0002764565
0.0004214847
0.0002191385
0.0002519211
0.0002895933
0.0003057427
0.0002425302
0.0002725920
0.0003442605
0.0002984977
0.0002636670
0.0002507745
0.0003156226
0.0002451467
0.0002161913
0.0004276392
0.0000631338
0.0002230853
0.0001991611
0.0002917381
0.0002194842
0.0003534639
0.0001510503
0.0001404959
0.0002188078
0.0002585114
0.0002812629
0.0001104322
0.0002642176
0.0002775876
0.0002471962
0.0002490640
0.0002351084
0.0002929897
0.0002649486
0.0001377931
0.0002089038
0.0003129582
0.0000169218
0.0001471524
0.0002206458
0.0002874940
0.0002209110
0.0001630320
0.0001382912
0.0002156689
0.0002353085
0.0001502909
0.0001915572
0.0000850950
0.0002056697
0.0001963745
0.0001529031
0.0002126564
0.0001326911
0.0001319936
0.0001433079
0.0001093210
0.0001998715
0.0001906674
0.0001346953
0.0002263671
0.0002008303
0.0002417052
0.0000651409
0.0001661974
0.0001050273
0.0003517413
0.0002178846
0.0002471864
0.0003150792
0.0002523744
0.0003030166
0.0002407625
0.0001880174
0.0001955224
0.0001439897
0.0001791914
0.0001225135
0.0003288462
0.0002185070
0.0002311823
0.0000399657
0.0003230053
0.0001351360
0.0002304330
0.0002949277
0.0002056178
0.0001383418
0.0001878953
0.0001644406
0.0002053190
0.0001979137
0.0000929269
0.0001337713
0.0001084772
0.0001146861
0.0001699234
0.0001235479
0.0000946163
0.0001497192
0.0001451901
0.0002526775
0.0002276534
0.0000333886
0.0002507808
0.0001821853
0.0002110760
0.0001044835
0.0001997738
0.0001587456
0.0001688138
0.0001142887
0.0001078789
0.0001204187
0.0001383638
0.0001347425
0.0002355188
0.0002842368
0.0001517348
0.0001615698
0.0000577571
0.0002019743
0.0000994162
0.0000576897
0.0002362798
0.0000801951
0.0001831062
0.0002106358
0.0001317335
0.0000369662
0.0001295203
0.0001537795
0.0000656184
0.0000846730
0.0001982786
0.0001562953
0.0000779605
0.0002251083
0.0001530961
0.0001408989
0.0002219078
0.0000926028
0.0001307863
0.0001991714
0.0000991987
0.0001195404
0.0002230758
0.0000556019
0.0002336476
0.0002601111
0.0002292360
0.0000688243
0.0001032049
0.0000897839
0.0002416282
0.0000507194
0.0000837292
0.0002535214
0.0000068635
0.0002126586
0.0002682795
0.0001159661
0.0003395505
0.0001086731
0.0001082292
0.0001350402
0.0001743439
0.0000718971
0.0001800705
0.0000647761
0.0000728760
0.0001089973
0.0001468396
0.0000297745
0.0000791140
0.0000745579
0.0000766620
0.0000811150
0.0001587640
0.0001526809
0.0001705909
0.0000228295
0.0001162245
0.0001370990
0.0001974677
0.0001740137
0.0001953015
0.0000896732
0.0000533909
0.0001291997
0.0001272071
0.0001249853
0.0000909299
0.0001928635
0.0001659035
0.0000595264
0.0002191097
0.0000987501
0.0001324606
0.0001610121
0.0002091275
0.0001405741
0.0000463553
0.0001262963
0.0001086162
0.0000872582
0.0000710395
0.0000953483
0.0001249869
0.0000959435
0.0000995124
0.0000996755
0.0001234960
0.0001587985
0.0000780585
0.0000840413
0.0001087381
0.0000744483
0.0001426297
0.0001620203
0.0000038170
0.0001548304
0.0001124966
0.0001285407
0.0001254545
0.0000863816
0.0001324278
0.0000600858
0.0000940341
0.0000367034
0.0001436825
0.0001699594
0.0001994663
0.0000159025
0.0000437613
0.0001251267
0.0000612307
0.0000490504
0.0000524697
0.0000520602
0.0000548371
0.0000650933
0.0001172442
0.0001359996
0.0001180066
0.0000582895
0.0000161377
0.0000131021
0.0000867696
0.0000647053
0.0000400730
0.0000994170
0.0000964669
0.0000912370
0.0001723481
0.0000982531
0.0000730540
0.0001251547
0.0001220009
0.0001112014
0.0001217228
0.0001812438
0.0000102426
0.0001059307
0.0000774148
0.0000635386
0.0001429057
0.0001431346
0.0001179268
0.0001026728
0.0001013514
0.0001013012
0.0001009900
0.0000665936
0.0000341788
0.0000300226
0.0000583186
0.0000422204
0.0000759712
0.0001245318
0.0000577165
0.0000560228
0.0000571655
0.0000555577
0.0000663297
0.0001037103
0.0001167254
0.0000845720
0.0000689301
0.0000835655
0.0001012886
0.0000300617
0.0000388482
0.0000638932
0.0001778876
0.0000174901
0.0000272585
0.0000583009
0.0000937056
0.0000867909
0.0000922648
0.0001271806
0.0001089971
0.0001151038
0.0001240746
0.0000967995
0.0000964446
0.0000959721
0.0000935076
0.0000838623
0.0000839531
0.0000869623
0.0000933866
0.0000904853
0.0000906527
0.0000877134
0.0000867579
0.0000827267
0.0001089937
0.0001205266
0.0000820740
0.0000794689
0.0000824197
0.0001046340
0.0000393384
0.0000304994
0.0000593286
0.0000448502
0.0000612964
0.0000809318
0.0000823082
0.0000935917
0.0000713390
0.0000686093
0.0000372767
0.0001119708
0.0000954039
0.0000901818
0.0000783706