0.0001161044
0.0000969372
0.0000943026
0.0000885475
0.0000698740
0.0000271913
0.0000309346
0.0000182667
0.0001001176
0.0001128221
0.0001131867
0.0000993716
0.0000857762
0.0000640587
0.0000797666
0.0001092398
0.0001087770
0.0001108222
0.0001228478
0.0001585528
0.0001378351
0.0001418209
0.0001436933
0.0001690433
0.0001355293
0.0001109255
0.0001199146
0.0001221103
0.0001717499
0.0001428765
0.0000942606
0.0000943088
0.0001439738
0.0000170249
0.0000195614
0.0000174769
0.0000199028
0.0000271437
0.0000404004
0.0001190304
0.0000751524
0.0000474401
0.0000103817
0.0000564031
0.0000058412
0.0000228675
0.0000186612
0.0000592358
0.0000602883
0.0000759276
0.0000729410
0.0001049692
0.0000613735
0.0001103817
0.0001199332
0.0000974675
0.0000984120
0.0000993917
0.0001406149
0.0000581512
0.0000964924
0.0001316353
0.0000987006
0.0000440881
0.0001271465
0.0001334373
0.0000260913
0.0000439606
0.0000224708
0.0000584477
0.0001143532
0.0000248432
0.0000281564
0.0000963391
0.0000398950
0.0000866225
0.0000834658
0.0001278655
0.0001219117
0.0001176318
0.0001195207
0.0001157052
0.0001138772
0.0001002522
0.0001083236
0.0001116899
0.0000996219
0.0001064158
0.0001119584
0.0000994017
0.0000792865
0.0000783861
0.0000937298
0.0000946928
0.0000733520
0.0000736248
0.0000957951
0.0000971453
0.0000808318
0.0000725514
0.0000465811
0.0000303117
0.0000429332
0.0000883324
0.0000966313
0.0000682375
0.0000917976
0.0000573567
0.0000645451
0.0000607993
0.0000644887
0.0000586221
0.0000610984
0.0000621831
0.0000661569
0.0000580107
0.0000580053
0.0000602089
0.0000629593
0.0000624447
0.0000644085
0.0000616023
0.0000581402
0.0000592411
0.0000574736
0.0000636007
0.0000615408
0.0000632447
0.0000603322
0.0000655458
0.0000582606
0.0000602173
0.0000588460
0.0000607183
0.0000662753
0.0001138520
0.0000873499
0.0001051865
0.0001292542
0.0000824876
0.0000418010
0.0001238790
0.0000216432
0.0001304328
0.0000807964
0.0000496702
0.0000325135
0.0001118126
0.0000846965
0.0001313002
0.0001340440
0.0001197403
0.0001260742
0.0001367808
0.0001271571
0.0000766166
0.0000884855
0.0000266260
0.0000969688
0.0000675531
0.0000488098
0.0001152323
0.0000406502
0.0000335148
0.0001365176
0.0001363934
0.0001254469
0.0000873045
0.0001097407
0.0000216530
0.0000783011
0.0000455210
0.0001105233
0.0001136408
0.0001226602
0.0001211283
0.0001263624
0.0000527025
0.0000501444
0.0001255602
0.0000671751
0.0001325997
0.0000368491
0.0000441475
0.0000602634
0.0000572065
0.0001012950
0.0000389381
0.0001282134
0.0000816975
0.0000277534
0.0000494634
0.0001104880
0.0000700431
0.0001301358
0.0000252347
0.0000542125
0.0000302023
0.0001386138
0.0001350093
0.0001305853
0.0001316584
0.0001372776
0.0001319046
0.0001384717
0.0001359342
0.0001305831
0.0000917834
0.0001079583
0.0000942554
0.0000855877
0.0001128561
0.0001010396
0.0000969780
0.0001166129
0.0000947657
0.0001042008
0.0001241092
0.0001188406
0.0000921557
0.0001029895
0.0001039299
0.0000933489
0.0001088785
0.0001128593
0.0000851054
0.0001214879
0.0001027066
0.0001181322
0.0000955503
0.0001176594
0.0001172545
0.0001132052
0.0001190094
0.0001129137
0.0001124239
0.0001265430
0.0000999145
0.0001115763
0.0001199396
0.0001237210
0.0001167485
0.0001289723
0.0000937115
0.0001186807
0.0001219800
0.0000920778
0.0000865732
0.0000941189
0.0001273207
0.0001286767
0.0001299235
0.0001078075
0.0000963933
0.0001126972
0.0000843035
0.0000920836
0.0001078833
0.0000867096
0.0000892103
0.0001081524
0.0000925196
0.0001197578
0.0000850119
0.0001089412
0.0000893588
0.0001031651
0.0000917838
0.0000925895
0.0000965000
0.0001281692
0.0001081493
0.0001101911
0.0000998750
0.0001296494
0.0000993496
0.0001176039
0.0001072639
0.0000911790
0.0001218151
0.0000959230
0.0001046167
0.0000900538
0.0001130893
0.0001222278
0.0001003371
0.0001186159
0.0001015156
0.0001134945
0.0001169429
0.0001196773
0.0000923027
0.0001121243
0.0001013062
0.0001228232
0.0001146775
0.0001106596
0.0000923600
0.0001113851
0.0000992728
0.0001161837
0.0000873278
0.0001172160
0.0001071312
0.0000854258
0.0001011918
0.0000887716
0.0001169296
0.0001052472
0.0000943452
0.0001237870
0.0001228523
0.0001046373
0.0001020836
0.0000931212
0.0000905422
0.0001281326
0.0001068296
0.0001001164
0.0000931552
0.0001092496
0.0001019968
0.0001040228
0.0001277707
0.0001033354
0.0000928589
0.0001260920
0.0001103012
0.0001232549
0.0000961660
0.0000844312
0.0001147211
0.0001190488
0.0001228050
0.0001191717
0.0001222517
0.0000883156
0.0001145567
0.0001226190
0.0001208710
0.0001188559
0.0001240989
0.0000881015
0.0001280629
0.0000895439
0.0001184201
0.0000959954
0.0000989969
0.0001059856
0.0000921824
0.0001000377
0.0001292262
0.0001294913
0.0001201504
0.0001263554
0.0001050895
0.0001190882
0.0000898784
0.0001072306
0.0001257151
0.0001276031
0.0000872060
0.0001067351
0.0000902651
0.0000922075
0.0000915209
0.0001005225
0.0000906665
0.0001137654
0.0000874059
0.0000902098
0.0001081569
0.0000946976
0.0000967908
0.0001032921
0.0001030100
0.0000991238
0.0001205189
0.0000839766
0.0001055535
0.0001130482
0.0001474964
0.0001395178
0.0000778895
0.0000649219
0.0000664872
0.0000657110
0.0000667626
0.0000664836
0.0000667816
0.0001113897
0.0001244326
0.0001617582
0.0001015228
0.0000765467
0.0001338672
0.0001630643
0.0000712343
0.0001531253
0.0001321518
0.0001435307
0.0001140637
0.0001652323
0.0001185166
0.0001853215
0.0000228238
0.0000873167
0.0000914662
0.0000408022
0.0001323691
0.0001484928
0.0001755099
0.0000474084
0.0000530714
0.0001706147
0.0001107234
0.0001197567
0.0001314674
0.0000464602
0.0001558084
0.0001963434
0.0002506111
0.0000341638
0.0002552134
0.0002201708
0.0002624726
0.0002262884
0.0001443313
0.0001530459
0.0002343271
0.0001296221
0.0000983441
0.0001680660
0.0001228665
0.0002104548
0.0001619968
0.0001850135
0.0000862997
0.0000450639
0.0002401089
0.0003078512
0.0002749699
0.0001676793
0.0002827787
0.0001129861
0.0002198401
0.0001622480
0.0001903792
0.0002144342
0.0001865904
0.0002673840
0.0002076738
0.0002839288
0.0005446478
0.0003778481
0.0001653186
0.0004572143
0.0005003563
0.0005362045
0.0004205738
0.0005231467
0.0004249569
0.0003111648
0.0005776438
0.0003600740
0.0006703944
0.0001780049
0.0004036867
0.0006903486
0.0003386619
0.0005070216
0.0006151399
0.0005919465
0.0005499616
0.0005045257
0.0004584545
0.0007557039
0.0003565898
0.0005915201
0.0008091166
0.0007310962
0.0004335711
0.0006433912
0.0005441066
0.0005190420
0.0005012921
0.0004961466
0.0008221863
0.0003484611
0.0005866795
0.0008107400
0.0007595879
0.0008891793
0.0007849010
0.0007302638
0.0007954691
0.0009272167
0.0009664563
0.0010992347
0.0007123915
0.0009670769
0.0012703220
0.0011206879
0.0009991553
0.0009105582
0.0009306872
0.0010059407
0.0016257935
0.0010657532
0.0012226403
0.0008783258
0.0010741196
0.0009460998
0.0013317482
0.0011988898
0.0013992679
0.0011937233
0.0011816880
0.0010591776
0.0010365668
0.0012493651
0.0008349562
0.0015077205
0.0015188487
0.0013193748
0.0013437050
0.0014497317
0.0013455077
0.0014157765
0.0013678945
0.0014184353
0.0011178831
0.0015915875
0.0014546091
0.0017776110
0.0016273889
0.0014412570
0.0016709093
0.0017853178
0.0014663171
0.0016643438
0.0022285403
0.0018352289
0.0016144327
0.0015991029
0.0016218186
0.0018818660
0.0018373841
0.0021316012
0.0018444432
0.0018046502
0.0018983827
0.0017292811
0.0019392390
0.0016932960
0.0019585360
0.0020166140
0.0025801869
0.0019849416
0.0014891656
0.0019703873
0.0020572847
0.0020647219
0.0017369177
0.0024365166
0.0015114944
0.0020987120
0.0018221724
0.0020819624
0.0017116311
0.0018303060
0.0021795202
0.0017893569
0.0017368860
0.0020252669
0.0018939304
0.0019874256
0.0020931835
0.0019121949
0.0017430659
0.0025260300
0.0020088667
0.0015913836
0.0017721692
0.0020574773
0.0017902430
0.0026300346
0.0018161125
0.0017594019
0.0017507387
0.0023145146
0.0020162732
0.0018257974
0.0021762583
0.0022157819
0.0025660551
0.0021236393
0.0022914169
0.0021655169
0.0025353008
0.0018806736
0.0021776640
0.0020609790
0.0019453201
0.0018697589
0.0020078407
0.0018055427
0.0021951925
0.0019640172
0.0015700055
0.0025232055
0.0018290291
0.0020210766
0.0021984393
0.0019164239
0.0018470546
0.0022363744
0.0020285049
0.0024472927
0.0019943503
0.0017072337
0.0023636740
0.0021275013
0.0021311619
0.0022304467
0.0017085911
0.0020971015
0.0025478448
0.0023815878
0.0022515156
0.0020865541
0.0017668363
0.0023006022
0.0020224102
0.0022728221
0.0025744811
0.0018235575
0.0020723200
0.0028560299
0.0014530665
0.0022816770
0.0021236370
0.0023735108
0.0020689304
0.0023767962
0.0021523686
0.0030480759
0.0025605379
0.0021711098
0.0019963722
0.0020416765
0.0019684370
0.0024534978
0.0018820672
0.0020630339
0.0017657190
0.0021436294
0.0020278375
0.0019824604
0.0024313864
0.0017012256
0.0018827978
0.0020064291
0.0017885427
0.0019370848
0.0020507955
0.0018012083
0.0019257667
0.0024125868
0.0018412513
0.0018799149
0.0022306483
0.0024350436
0.0020752241
0.0024045290
0.0023017277
0.0018367727
0.0015476700
0.0014893513
0.0015081236
0.0019657730
0.0016878578
0.0017620192
0.0014271316
0.0016209726
0.0019187181
0.0014832858
0.0015630623
0.0015399428
0.0014615013
0.0013876684
0.0014677094
0.0016672127
0.0014386207
0.0018771213
0.0021636398
0.0018927280
0.0017208458
0.0015777811
0.0013749063
0.0015282904
0.0014644586
0.0013027676
0.0016508632
0.0017398643
0.0016569964
0.0016041530
0.0017455761
0.0015122503
0.0019004963
0.0016186755
0.0014715910
0.0017321531
0.0014365793
0.0016311676
0.0016957931
0.0013904155
0.0018861961
0.0014172752
0.0015645123
0.0017858161
0.0017757177
0.0018131977
0.0015069273
0.0012827419
0.0018214463
0.0016765504
0.0018887537
0.0015050753
0.0015969565
0.0013790677
0.0015534122
0.0017910504
0.0014242453
0.0018109960
0.0018414907
0.0016578850
0.0017965615
0.0022510725
0.0019521114
0.0017470916
0.0017643414
0.0017651826
0.0018366340
0.0017455961
0.0018020527
0.0015542694
0.0013679527
0.0017516592
0.0013986572
0.0018979935
0.0014675334
0.0017872213
0.0015278018
0.0018106449
0.0017930581
0.0017313755
0.0018857891
0.0018863298
0.0017908784
0.0014793880
0.0021044737
0.0019077778
0.0013498408
0.0019204375
0.0019110263
0.0017026557
0.0016053318
0.0019503828
0.0013587137
0.0014971611
0.0011936960
0.0012817553
0.0016153645
0.0018900297
0.0013141104
0.0019120850
0.0019764884
0.0018326273
0.0017873767
0.0018078214
0.0017338188
0.0017152848
0.0013959587
0.0017094810
0.0015643769
0.0015077342
0.0014890190
0.0017398473
0.0016144070
0.0012479195
0.0015294231
0.0014586425
0.0016150214
0.0017053210
0.0015192046
0.0013463041
0.0015210834
0.0017644522
0.0019703479
0.0015466697
0.0016705290
0.0015996902
0.0015045555
0.0015671523
0.0016581920
0.0017419200
0.0012908446
0.0015585937
0.0015558007
0.0017228619
0.0017109763
0.0012348401
0.0016088366
0.0011287288
0.0016278331
0.0013033197
0.0012396884
0.0015143667
0.0015898864
0.0014808188
0.0016091296
0.0016562911
0.0013548129
0.0015848574
0.0015714383
0.0014751202
0.0012731805
0.0014163064
0.0015341817
0.0013622755
0.0012121417
0.0016506686
0.0015276499
0.0012097475
0.0017100977
0.0013159580
0.0014888604
0.0015985023
0.0013629381
0.0013694712
0.0016359029
0.0015250889
0.0013546012
0.0014005347
0.0016146865
0.0018495077
0.0012955097
0.0017450230
0.0018948295
0.0020886744
0.0017001770
0.0017958546
0.0018920932
0.0021043225
0.0016745562
0.0016884231
0.0014182445
0.0014059990
0.0017478546
0.0015584571
0.0016993112
0.0012703004
0.0016672640
0.0015296934
0.0011973607
0.0018639598
0.0017005369
0.0020206451
0.0015742662
0.0019264398
0.0021069807
0.0017197731
0.0016400194
0.0019703759
0.0016619089
0.0017757271
0.0015826824
0.0017364794
0.0019480787
0.0020416089
0.0013955385
0.0021020734
0.0015388683
0.0014997038
0.0016481967
0.0013818767
0.0015632747
0.0016099003
0.0015247376
0.0014919148
0.0015607294
0.0016265123
0.0011183869
0.0015907940
0.0012679725
0.0017470385
0.0014791998
0.0013609106
0.0014896374
0.0017519058
0.0019071927
0.0014564389
0.0014942030
0.0014181049
0.0012981304
0.0014509676
0.0015449387
0.0016779154
0.0018134656
0.0017491923
0.0015001354
0.0013733584
0.0019416376
0.0015632533
0.0012812049
0.0015898508
0.0012813270
0.0014215320
0.0015513628
0.0017646102
0.0015606164
0.0015542580
0.0012673774
0.0016431566
0.0017682098
0.0011702735
0.0016284556
0.0014549256
0.0013089504
0.0014486471
0.0011524882
0.0014567887
0.0013166982
0.0013758008
0.0013300017
0.0011540756
0.0016378429
0.0011924016
0.0012517525
0.0014288737
0.0013194203
0.0011609168
0.0010574499
0.0013439160
0.0009889260
0.0014462461
0.0013393399
0.0009174303
0.0011005435
0.0009602707
0.0012160786
0.0011282376
0.0011812520
0.0014344206
0.0013856015
0.0013133612
0.0012508588
0.0010814289
0.0013154287
0.0010808809
0.0008294895
0.0011520299
0.0008574972
0.0009391426
0.0008396161
0.0012879439
0.0011120987
0.0009129684
0.0007113192
0.0013172403
0.0011311085
0.0009082774
0.0011800925
0.0010655735
0.0009987782
0.0007823751
0.0009532351
0.0009721091
0.0010549103
0.0011001178
0.0006315164
0.0007464793
0.0007873441
0.0010230574
0.0008409691
0.0008815153
0.0008906367
0.0008493131
0.0009472387
0.0009251534
0.0011755308
0.0009291963
0.0011900406
0.0007579524
0.0008659162
0.0006887139
0.0008548607
0.0009208382
0.0007952721
0.0008931898
0.0004838749
0.0007897153
0.0005890069
0.0008094457
0.0005922659
0.0006964624
0.0011003577
0.0010474989
0.0006720144
0.0007167115
0.0008370543
0.0007877096
0.0005226155
0.0008180457
0.0010062275
0.0005673817
0.0009072807
0.0009174878
0.0005858127
0.0007744111
0.0005440034
0.0007908844
0.0007293758
0.0006390913
0.0005016268
0.0008589308
0.0006372299
0.0005660068
0.0007428274
0.0003310441
0.0005848473
0.0007210249
0.0005576992
0.0006735983
0.0004450899
0.0006347598
0.0005006842
0.0002598076
0.0006945130
0.0006654989
0.0003831727
0.0007079972
0.0005950215
0.0003879556
0.0008079138
0.0003398514
0.0004152871
0.0004116151
0.0003759701
0.0003705249
0.0002683455
0.0004486088
0.0003362736
0.0003417956
0.0004017334
0.0004795613
0.0004102960
0.0005540222
0.0003257303
0.0002640503
0.0002929216
0.0003681021
0.0004311384
0.0003814692
0.0003707208
0.0003353620
0.0003694748
0.0005206213
0.0003658460
0.0003990733
0.0002770237
0.0003746284
0.0004749641
0.0005168904
0.0002820254
0.0003949759
0.0002646731
0.0002464157
0.0004979221
0.0004757524
0.0005372057
0.0004513262
0.0003801591
0.0003223395
0.0003710849
0.0003112304
0.0001726225
0.0004990068
0.0003708373
0.0005468888
0.0003034830
0.0004646323
0.0002493168
0.0004295051
0.0003559344
0.0003377701
0.0004139423
0.0003894092
0.0003354964
0.0004912810
0.0002879839
0.0003096682
0.0004213116
0.0003076305
0.0002767700
0.0003589117
0.0004231673
0.0004076927
0.0003474468
0.0002838036
0.0003936896
0.0003593623
0.0003035965
0.0005587145
0.0000653600
0.0003098661
0.0002431144
0.0004020071
0.0002081784
0.0004503420
0.0002063857
0.0001202675
0.0003156375
0.0003413757
0.0003554113
0.0000644118
0.0002847624
0.0003429029
0.0002927835
0.0003402214
0.0002799298
0.0003323776
0.0003353485
0.0002284904
0.0002771294
0.0003051034
0.0000309213
0.0002270196
0.0002509360
0.0003004795
0.0002486764
0.0001846909
0.0002281118
0.0002440420
0.0002216611
0.0002098739
0.0002406608
0.0001149022
0.0001767556
0.0002869832
0.0001929535
0.0003111925
0.0001184806
0.0001832785
0.0002044090
0.0001247995
0.0002523892
0.0002013453
0.0001260527
0.0002330618
0.0002085369
0.0002846949
0.0000940916
0.0002476555
0.0000817818
0.0004486640
0.0002446841
0.0002140580
0.0003790415
0.0003069938
0.0003865295
0.0002896756
0.0003023485
0.0001549153
0.0002110240
0.0002169911
0.0001512243
0.0003563153
0.0002443586
0.0003249453
0.0000578760
0.0003903687
0.0001280292
0.0002945314
0.0003651057
0.0002214451
0.0001455631
0.0002785019
0.0001974034
0.0002721946
0.0001948189
0.0001227418
0.0001874567
0.0001538279
0.0002072187
0.0001413920
0.0002004675
0.0001142229
0.0002136218
0.0001254728
0.0003022681
0.0003157799
0.0000555465
0.0003833002
0.0002397493
0.0003233457
0.0001762605
0.0001882793
0.0002506214
0.0002671606
0.0001314858
0.0001590776
0.0002100435
0.0001209833
0.0001816676
0.0002485468
0.0003069071
0.0001669356
0.0002584760
0.0000660672
0.0002011314
0.0001499536
0.0000818680
0.0003047952
0.0000768945
0.0002060544
0.0002213318
0.0002354280
0.0000887889
0.0001100108
0.0001927239
0.0001594081
0.0001276176
0.0002363200
0.0002514009
0.0001666003
0.0003077176
0.0001413349
0.0001581089
0.0002794098
0.0001754737
0.0001259276
0.0002069023
0.0000711757
0.0001546787
0.0002767583
0.0000310194
0.0001862472
0.0002158835
0.0001946602
0.0000577425
0.0001621425
0.0000972124
0.0002086282
0.0000623450
0.0001274530
0.0002564183
0.0000090528
0.0002527622
0.0002402217
0.0000978165
0.0003730192
0.0000740731
0.0001018751
0.0001788086
0.0001100648
0.0001025189
0.0002059371
0.0000064617
0.0001075869
0.0001047903
0.0002146285
0.0000676545
0.0000235864
0.0000809318
0.0000814426
0.0000832116
0.0001691783
0.0001931173
0.0001924914
0.0000228336
0.0001167404
0.0001318692
0.0001683647
0.0001652895
0.0001398355
0.0000469370
0.0001234708
0.0001566335
0.0001516404
0.0001292503
0.0001725166
0.0001706231
0.0001336744
0.0000596362
0.0001459464
0.0001184431
0.0000772899
0.0001127274
0.0001414267
0.0001284056
0.0000566113
0.0000716217
0.0000728359
0.0000907144
0.0001305524
0.0001422193
0.0001128638
0.0000340205
0.0000341378
0.0000527373
0.0001556903
0.0001460248
0.0001154058
0.0000859514
0.0000365691
0.0000528349
0.0001292501
0.0001135834
0.0000412831
0.0001934737
0.0001220688
0.0001170723
0.0000837003
0.0000281614
0.0000776731
0.0000257460
0.0001246713
0.0000742103
0.0000874866
0.0001350838
0.0001408975
0.0000504907
0.0000625176
0.0000722400
0.0000642516
0.0000653077
0.0000685399
0.0000891879
0.0001182606
0.0001224834
0.0001114877
0.0000947931
0.0000955231
0.0000435791
0.0000709677
0.0000819292
0.0001554347
0.0001155791
0.0000476597
0.0000858494
0.0001465016
0.0001034560
0.0001280683
0.0000437119
0.0000703429
0.0001250305
0.0000926297
0.0000709219
0.0001084726
0.0001280725
0.0000141201
0.0000216613
0.0000737173
0.0000958572
0.0001127771
0.0001087224
0.0000285622
0.0000302264
0.0000357769
0.0000567148
0.0000612069
0.0000861605
0.0001258537
0.0000891582
0.0000953441
0.0000937666
0.0000932475
0.0001108845
0.0000486353
0.0000596535
0.0000506815
0.0000773927
0.0000900266
0.0001204011
0.0001894560
0.0000520319
0.0000376483
0.0000341111
0.0001244375
0.0000662997
0.0000522434
0.0000298049
0.0001252679
0.0000006964
0.0000081774
0.0001041781
0.0001359863
0.0001115429
0.0001420171
0.0001504539
0.0001503454
0.0001478533
0.0001453465
0.0001358018
0.0001323565
0.0001207816
0.0000985021
0.0001065132
0.0001046482
0.0000988117
0.0001015847
0.0001056710
0.0000994258
0.0001064732
0.0001046617
0.0001066231
0.0000901936
0.0000818069
0.0000445453
0.0000234969
0.0001026411
0.0001708623
0.0000983447
0.0000656530
0.0000688830
0.0000788405
0.0001032038
0.0000940172
0.0001256760
0.0000761865
0.0000491201
0.0000304000
0.0000878932
0.0000445213
0.0000811058
0.0000624627
0.0001131428